001
002
003
004
006
007
008
009
010
011
012
013
014
016
017
018
019
020
021
022
023
025
026
027
029
030
032
033
035
036
037
038
039
040
041
043
044
045
046
048
050
051
052
053
054
055
056
057
058
059
060
061
062
063
066
067
068
070
071
074
075
076
077
081
082
084
085
086
087
089
090
091
093
094
096
098
100
101
102
104
108
110
111
112
115
116
117
119
120
123
125
127
128
131
132
133
134
135
136
138
139
140
141
143
144
146
148
150
151
152
157
159
160
161
162
163
164
165
167
168
169
170
172
174
176
177
181
182
184
185
186
188
